16190820166884,[1; ]
16190820166884,[1; ][2; 3]
16120820169202,[1; ]
16120820169202,[1; ][2; 2]
16050820165691,[1; 25]
16050820165691,[1; 25][2; 36]
16050820165691,[1; 25][2; 36][3; 96]
16190820166884,[1; 
16190820166884,[1; [2; 3
16190820166884,[1; [2; 3
16190820166884,[1; 
16190820166884,[1; [2; 3
16190820166884,[1; [2; 3
16190820166884,[1; ]
16190820166884,[1; ][2; 3]
16190820166884,[1; ][2; 3]]
16190820166884,[1; ]
16190820166884,[1; ][2; 3]
16190820166884,[1; ][2; 3]]
16190820166884,[1; ]
16190820166884,[1; ][2; 3]
16190820166884,[1; ][2; 3]]
16190820166884,[1; ]
16190820166884,[1; ][2; 3]
16190820166884,[1; ][2; 3]]
16190820166884,[1; ]
16190820166884,[1; ][2; 3]
16190820166884,[1; ][2; 3]]
16190820166884,[1; ]
16190820166884,[1; ][2; 3]
16190820166884,[1; ][2; 3]]
16190820166884,[1; ]
16190820166884,[1; ][2; 3]
16190820166884,[1; ][2; 3]]
16190820166884,[1; ]
16190820166884,[1; ][2; 3]
16190820166884,[1; ][2; 3][1 ; 12]
16190820166884,[1; ][2; 3][1 ; 12][2 ; 36]
16190820166884,[1; ][2; 3][1 ; 12][2 ; 36]]
